frame,time_s,x_px,y_px,confidence
28,0.4701950617283951,1870.9249877929688,548.1076354980469,0.3645549416542053
32,0.5373657848324516,1734.5723876953125,869.1279602050781,0.8309586048126221
33,0.5541584656084656,1689.273681640625,939.3880920410156,0.6742491126060486
34,0.5709511463844797,1656.851806640625,999.3412170410156,0.6132094264030457
43,0.7220852733686067,1463.6326904296875,810.5985717773438,0.40314924716949463
44,0.7388779541446209,1457.6162109375,763.8653869628906,0.8427747488021851
48,0.8060486772486772,1408.0194702148438,600.6696166992188,0.2758667767047882
50,0.8396340388007055,1379.225830078125,545.0585784912109,0.8053094148635864
53,0.8900120811287479,1350.5565185546875,479.9165954589844,0.7953221797943115
68,1.1419022927689595,1228.9903564453125,340.428466796875,0.37000343203544617
69,1.1586949735449736,1220.7135009765625,340.85394287109375,0.8517287969589233
78,1.3098291005291005,1160.7936401367188,388.19586181640625,0.6528297662734985
79,1.3266217813051147,1152.10986328125,395.9627380371094,0.48448607325553894
82,1.376999823633157,1133.0826416015625,424.7108459472656,0.4266437590122223
84,1.4105851851851852,1130.9600830078125,447.840087890625,0.7987695932388306
85,1.4273778659611993,1135.2794189453125,446.2962341308594,0.8515585660934448
86,1.4441705467372135,1134.7716064453125,445.07073974609375,0.8351403474807739
89,1.4945485890652557,1130.9276733398438,445.6061096191406,0.6820821762084961
90,1.5113412698412698,1128.754638671875,446.96571350097656,0.7573946714401245
91,1.528133950617284,1126.32568359375,449.9054870605469,0.529669463634491
92,1.544926631393298,1125.79736328125,451.3981018066406,0.6415818333625793
93,1.5617193121693123,1127.7905883789062,454.2490539550781,0.7004375457763672
94,1.5785119929453264,1126.9405517578125,456.53009033203125,0.575671911239624
95,1.5953046737213405,1125.4288330078125,462.8022766113281,0.6372523903846741
96,1.6120973544973545,1126.4443359375,465.9965057373047,0.6122910976409912
97,1.6288900352733686,1123.72412109375,469.4989471435547,0.35870659351348877
98,1.6456827160493828,1121.6290283203125,471.3494567871094,0.5063447952270508
99,1.662475396825397,1122.3050537109375,473.3339538574219,0.7609243392944336
100,1.679268077601411,1122.6075439453125,475.5655517578125,0.7892373204231262
101,1.6960607583774252,1122.68896484375,476.6641845703125,0.5516994595527649
102,1.7128534391534391,1120.8114013671875,477.52349853515625,0.76909339427948
103,1.7296461199294533,1118.849609375,478.09661865234375,0.7602953910827637
104,1.7464388007054674,1117.3255004882812,479.1504364013672,0.7541466355323792
105,1.7632314814814816,1116.6346435546875,479.9150390625,0.7878574132919312
106,1.7800241622574957,1115.8685913085938,479.30096435546875,0.7925642728805542
107,1.7968168430335099,1115.5194702148438,478.5715026855469,0.7994621992111206
108,1.8136095238095238,1115.8890380859375,477.4882507324219,0.8063479661941528
109,1.830402204585538,1114.7023315429688,474.3556823730469,0.7760522961616516
110,1.847194885361552,1113.5880126953125,471.5345153808594,0.8585748076438904
111,1.8639875661375662,1113.6116943359375,468.5291748046875,0.8616451025009155
112,1.8807802469135804,1112.8436279296875,463.4747772216797,0.7536776065826416
113,1.8975729276895945,1109.900146484375,460.08782958984375,0.8434152603149414
114,1.9143656084656084,1107.9768676757812,456.4193572998047,0.8048417568206787
115,1.9311582892416226,1107.8851318359375,447.84869384765625,0.8059483170509338
116,1.9479509700176367,1108.88134765625,440.3873291015625,0.8512284755706787
117,1.9647436507936509,1108.0320434570312,434.0712890625,0.8552992939949036
118,1.981536331569665,1106.8619384765625,427.2929992675781,0.8561278581619263
119,1.9983290123456792,1105.56005859375,419.2596740722656,0.8579762578010559
120,2.015121693121693,1103.9212646484375,416.6095275878906,0.8680431842803955
121,2.0319143738977075,1101.7440185546875,413.77935791015625,0.8805357813835144
122,2.0487070546737214,1098.6044311523438,408.7593994140625,0.8817574381828308
123,2.0654997354497353,1097.09228515625,407.14141845703125,0.7102121710777283
124,2.0822924162257497,1095.1680908203125,401.6588439941406,0.3626667261123657
125,2.0990850970017636,1091.891357421875,400.0491027832031,0.6034905314445496
