frame,time_s,x_px,y_px,confidence
0,0.0,1153.2764282226562,316.36878967285156,0.445505291223526
1,0.017173504273504274,1153.4329833984375,316.0894775390625,0.6791980266571045
2,0.03434700854700855,1153.1187744140625,315.8112487792969,0.42190834879875183
3,0.05152051282051282,1154.9987182617188,316.14971923828125,0.7292391061782837
4,0.0686940170940171,1157.8623046875,317.2627258300781,0.789782702922821
5,0.08586752136752136,1160.75390625,318.879638671875,0.8167104125022888
7,0.12021452991452991,1166.57275390625,342.51019287109375,0.6529600620269775
8,0.1373880341880342,1172.1648559570312,368.70831298828125,0.31876736879348755
11,0.188908547008547,1185.561279296875,455.5740051269531,0.550747811794281
18,0.30912307692307694,1268.9232177734375,764.3392944335938,0.3636733889579773
19,0.3262965811965812,1279.6865234375,811.9368896484375,0.8905149698257446
20,0.34347008547008545,1295.7728881835938,881.0851135253906,0.7055140733718872
22,0.377817094017094,1322.1651611328125,1019.2056884765625,0.4184477627277374
23,0.3949905982905983,1339.0828857421875,1030.3249206542969,0.8731966614723206
24,0.4121641025641026,1351.8370971679688,1002.7254638671875,0.7830829620361328
25,0.42933760683760686,1365.2923583984375,963.9241333007812,0.8804528713226318
26,0.44651111111111114,1377.7752075195312,939.4806518554688,0.9076322913169861
27,0.4636846153846154,1389.375,901.0885620117188,0.9051449298858643
28,0.48085811965811964,1404.5873413085938,870.9255981445312,0.9114953279495239
29,0.4980316239316239,1421.9908447265625,840.333251953125,0.9106603860855103
30,0.5152051282051282,1433.95166015625,813.093017578125,0.9099125862121582
31,0.5323786324786325,1449.845947265625,779.5021057128906,0.9085546731948853
32,0.5495521367521368,1465.9691162109375,751.7771301269531,0.9118784666061401
34,0.5838991452991453,1505.4810180664062,688.61181640625,0.9209997057914734
35,0.6010726495726496,1524.4656372070312,666.2691650390625,0.9187518954277039
36,0.6182461538461539,1546.95068359375,634.6607971191406,0.9101749062538147
37,0.6354196581196582,1575.2853393554688,606.9081115722656,0.8991191387176514
38,0.6525931623931625,1595.2960815429688,578.5518646240234,0.9151615500450134
39,0.6697666666666666,1614.59326171875,550.3882904052734,0.9109328985214233
40,0.6869401709401709,1640.8258056640625,518.4163360595703,0.8852747678756714
41,0.7041136752136752,1670.786865234375,491.9715118408203,0.9216805100440979
42,0.7212871794871795,1697.974365234375,463.6739959716797,0.9258368611335754
43,0.7384606837606837,1729.6318359375,437.7976989746094,0.9128602743148804
44,0.755634188034188,1765.6885986328125,411.22320556640625,0.929936945438385
45,0.7728076923076923,1794.296630859375,384.31097412109375,0.9032561182975769
46,0.7899811965811966,1824.12451171875,357.8994140625,0.9027556777000427
47,0.8071547008547009,1841.872802734375,327.8942184448242,0.8850579857826233
48,0.8243282051282051,1862.4215698242188,309.9804992675781,0.8917988538742065
49,0.8415017094017094,1875.5284423828125,291.9011917114258,0.784555971622467
50,0.8586752136752137,1896.6036987304688,275.1559295654297,0.8062183856964111
