frame,time_s,x_px,y_px,confidence
5,0.16666666666666666,420.7488250732422,618.4086303710938,0.4071270227432251
7,0.23333333333333334,422.8808135986328,596.9554443359375,0.536695659160614
8,0.26666666666666666,422.7106628417969,585.1466674804688,0.8269975185394287
9,0.3,423.6505126953125,570.8618774414062,0.8183615803718567
10,0.3333333333333333,423.91151428222656,554.7351379394531,0.8167100548744202
11,0.36666666666666664,424.50439453125,542.2042541503906,0.8092438578605652
12,0.4,425.16058349609375,529.8460693359375,0.8482944965362549
13,0.43333333333333335,426.1125030517578,517.0185241699219,0.8458178043365479
14,0.4666666666666667,425.4664764404297,505.3460998535156,0.8406109809875488
15,0.5,426.0757141113281,495.08355712890625,0.860049843788147
16,0.5333333333333333,425.7700653076172,486.04835510253906,0.8662196397781372
17,0.5666666666666667,426.2040252685547,477.76844787597656,0.8584742546081543
18,0.6,425.49623107910156,471.5262451171875,0.6680168509483337
21,0.7,426.3957214355469,450.7115783691406,0.8365947008132935
22,0.7333333333333333,426.277587890625,447.9191589355469,0.8628110289573669
23,0.7666666666666667,425.9159240722656,445.1831970214844,0.8655235767364502
24,0.8,425.65199279785156,442.486572265625,0.8818840384483337
25,0.8333333333333334,425.1732482910156,441.4906921386719,0.8841840624809265
26,0.8666666666666667,424.9048614501953,440.9891662597656,0.8842869997024536
27,0.9,424.3374938964844,441.18235778808594,0.8826550841331482
28,0.9333333333333333,423.419677734375,442.8581848144531,0.8829255700111389
29,0.9666666666666667,422.7975158691406,444.7019958496094,0.8763723373413086
30,1.0,422.1112976074219,446.7544403076172,0.8488439917564392
31,1.0333333333333334,421.57208251953125,449.7796936035156,0.8188156485557556
34,1.1333333333333333,427.28529357910156,447.1571960449219,0.8505892157554626
35,1.1666666666666667,434.50341796875,434.73736572265625,0.8497762680053711
36,1.2,442.54595947265625,423.4655303955078,0.8799923658370972
37,1.2333333333333334,449.8138122558594,411.5286102294922,0.8697165846824646
38,1.2666666666666666,456.63926696777344,398.05084228515625,0.8843544721603394
39,1.3,463.4332580566406,387.6435546875,0.8464176058769226
40,1.3333333333333333,470.5727996826172,377.3047332763672,0.8784298300743103
41,1.3666666666666667,478.2492370605469,366.44615173339844,0.8436868786811829
42,1.4,485.6731872558594,359.54371643066406,0.891995370388031
43,1.4333333333333333,492.93409729003906,351.6470642089844,0.8663880228996277
44,1.4666666666666666,500.63377380371094,344.68174743652344,0.8769000172615051
45,1.5,506.8145446777344,338.9469757080078,0.9099088311195374
46,1.5333333333333334,514.4985656738281,334.0106506347656,0.8426013588905334
47,1.5666666666666667,524.8479309082031,330.79107666015625,0.8903730511665344
48,1.6,532.6582336425781,329.84971618652344,0.8457347750663757
49,1.6333333333333333,541.2781677246094,328.5351104736328,0.900651216506958
50,1.6666666666666667,549.1515502929688,328.302734375,0.8543521761894226
51,1.7,557.2312316894531,329.38926696777344,0.8812089562416077
52,1.7333333333333334,565.6721496582031,334.38014221191406,0.8299419283866882
53,1.7666666666666666,575.90283203125,339.5185852050781,0.8888416290283203
54,1.8,586.6176452636719,348.5393524169922,0.8539811372756958
55,1.8333333333333333,596.6435241699219,358.709716796875,0.893582284450531
56,1.8666666666666667,606.3767395019531,370.4227752685547,0.8985807299613953
57,1.9,615.9530639648438,382.73023986816406,0.8655782341957092
58,1.9333333333333333,627.8565979003906,400.61729431152344,0.8991585373878479
59,1.9666666666666666,640.9740295410156,420.7010192871094,0.898054838180542
60,2.0,654.1466369628906,443.2731628417969,0.8989852070808411
61,2.033333333333333,665.6350708007812,467.8219299316406,0.8961545825004578
62,2.066666666666667,676.7548522949219,497.0185852050781,0.8998752236366272
63,2.1,688.02587890625,525.5982360839844,0.9158543944358826
64,2.1333333333333333,697.578857421875,560.0444641113281,0.9220265746116638
65,2.1666666666666665,711.4178161621094,597.0242614746094,0.9170809388160706
66,2.2,723.2170104980469,643.2086181640625,0.9208275079727173
67,2.2333333333333334,733.6787414550781,690.6913757324219,0.9336445927619934
68,2.2666666666666666,746.0475158691406,742.0987243652344,0.900053083896637
69,2.3,757.2191467285156,802.6599426269531,0.8863661885261536
70,2.3333333333333335,769.6427307128906,865.6168212890625,0.8883259892463684
71,2.3666666666666667,783.394775390625,937.8846435546875,0.861449122428894
72,2.4,798.84765625,1022.4887390136719,0.870378315448761
73,2.433333333333333,812.0000610351562,1052.5593872070312,0.8446959853172302
74,2.466666666666667,825.564208984375,1015.6097106933594,0.8833901882171631
75,2.5,839.6334838867188,974.605712890625,0.8954020142555237
76,2.533333333333333,852.8424682617188,933.0117797851562,0.8786110877990723
77,2.566666666666667,867.1488952636719,894.4447021484375,0.891435980796814
78,2.6,879.8577880859375,862.6961059570312,0.8818796873092651
79,2.6333333333333333,894.4692687988281,826.2469177246094,0.885417640209198
80,2.6666666666666665,908.3467102050781,798.7986755371094,0.8469818234443665
81,2.7,925.4836730957031,765.4537658691406,0.8731405735015869
82,2.7333333333333334,939.8572998046875,742.8742980957031,0.8614295721054077
83,2.7666666666666666,955.9642028808594,715.6963500976562,0.8684304356575012
84,2.8,973.0549926757812,694.5696411132812,0.8606337308883667
85,2.8333333333333335,990.8525695800781,671.7222595214844,0.8859830498695374
86,2.8666666666666667,1009.9526977539062,657.5862121582031,0.8792637586593628
87,2.9,1024.2246704101562,645.4371032714844,0.8960385322570801
88,2.933333333333333,1047.7137451171875,632.3135986328125,0.9039803147315979
89,2.966666666666667,1066.0979309082031,625.5114135742188,0.9304168820381165
90,3.0,1087.47705078125,624.1127014160156,0.8987588286399841
91,3.033333333333333,1111.0027465820312,626.2489624023438,0.9018984436988831
92,3.066666666666667,1134.2119750976562,630.5247802734375,0.9209388494491577
93,3.1,1156.7967529296875,642.8606567382812,0.9010874629020691
94,3.1333333333333333,1183.4721069335938,659.7360534667969,0.8865885138511658
95,3.1666666666666665,1209.540283203125,683.9521484375,0.9327645301818848
96,3.2,1239.0987548828125,708.7236938476562,0.8671069741249084
97,3.2333333333333334,1267.9696044921875,749.5942687988281,0.8981035947799683
98,3.2666666666666666,1301.891845703125,795.0517578125,0.9116991758346558
99,3.3,1335.8516845703125,847.5835571289062,0.9261132478713989
100,3.3333333333333335,1373.4453125,912.9918212890625,0.9284570217132568
101,3.3666666666666667,1409.1571044921875,986.7362976074219,0.9007368087768555
102,3.4,1429.5404663085938,1043.2320251464844,0.26737678050994873
