frame,time_s,x_px,y_px,confidence
112,1.8662652329749103,1426.91259765625,58.14436912536621,0.5668744444847107
113,1.8829283154121863,1426.9110107421875,58.14562225341797,0.5669284462928772
114,1.8995913978494623,1404.8965454101562,63.88469123840332,0.2830239236354828
117,1.9495806451612903,1343.7782592773438,83.95390129089355,0.5017058849334717
122,2.03289605734767,1256.0601806640625,121.77607345581055,0.42085373401641846
123,2.049559139784946,1240.3378295898438,129.60006713867188,0.4608463943004608
124,2.066222222222222,1209.3560180664062,146.71482467651367,0.45441922545433044
125,2.082885304659498,1209.384765625,146.69482803344727,0.4415522515773773
126,2.099548387096774,1194.7594604492188,156.1348419189453,0.4869590699672699
127,2.11621146953405,1166.653564453125,174.36712646484375,0.6664497256278992
128,2.132874551971326,1166.6710815429688,174.41371154785156,0.6995375156402588
129,2.149537634408602,1153.363525390625,183.2966079711914,0.3104040324687958
130,2.166200716845878,1126.4260864257812,203.3757095336914,0.337362140417099
131,2.182863799283154,1126.4268798828125,203.38021850585938,0.3252829313278198
132,2.19952688172043,1113.4669189453125,212.3642120361328,0.8056822419166565
133,2.216189964157706,1090.91259765625,231.65463256835938,0.8660265803337097
134,2.232853046594982,1090.9036254882812,231.63909912109375,0.8660701513290405
135,2.249516129032258,1079.2965698242188,241.2444305419922,0.8639917969703674
136,2.266179211469534,1067.489501953125,252.86732482910156,0.8392806053161621
142,2.36615770609319,1005.7977600097656,314.3521270751953,0.8449731469154358
143,2.382820788530466,998.0469360351562,324.2425994873047,0.8757706880569458
144,2.399483870967742,988.0773620605469,334.6623840332031,0.8807283639907837
145,2.416146953405018,979.1373596191406,345.1069030761719,0.838588535785675
146,2.432810035842294,972.2572937011719,355.6011047363281,0.8690158128738403
147,2.44947311827957,964.15869140625,367.71363830566406,0.8359834551811218
148,2.466136200716846,956.6156616210938,378.20896911621094,0.8608940243721008
149,2.482799283154122,947.2464294433594,389.6528015136719,0.8736771941184998
151,2.516125448028674,932.9295349121094,415.1073303222656,0.8761329054832458
152,2.53278853046595,926.1509704589844,421.8171081542969,0.8397446274757385
153,2.549451612903226,919.4888610839844,431.8412780761719,0.8607468605041504
154,2.566114695340502,912.3483276367188,444.4942626953125,0.8558343648910522
155,2.582777777777778,905.399169921875,456.0405731201172,0.8458696007728577
156,2.599440860215054,899.6541442871094,465.7394714355469,0.8868805766105652
157,2.61610394265233,893.7322692871094,478.2903594970703,0.8585757613182068
158,2.632767025089606,887.0058288574219,490.0782012939453,0.8531197309494019
159,2.649430107526882,880.0154418945312,501.50901794433594,0.8566553592681885
160,2.666093189964158,874.3872985839844,513.1665954589844,0.863287627696991
161,2.6827562724014338,868.9534606933594,525.0895080566406,0.8583270311355591
162,2.6994193548387098,862.5990905761719,534.7812194824219,0.8562039732933044
163,2.7160824372759858,856.9882507324219,545.9521789550781,0.7981922626495361
164,2.7327455197132617,853.6112365722656,543.0566101074219,0.8515918254852295
165,2.7494086021505377,851.6421203613281,533.032958984375,0.8798924684524536
166,2.7660716845878137,850.4260559082031,524.4721069335938,0.8635077476501465
167,2.7827347670250897,848.4181213378906,513.774169921875,0.8905521035194397
168,2.7993978494623657,846.1859130859375,505.30360412597656,0.8492881059646606
169,2.8160609318996417,844.8249206542969,493.51036071777344,0.8728471994400024
170,2.8327240143369177,842.5670471191406,485.1057586669922,0.8127281665802002
171,2.8493870967741937,841.3782348632812,476.6412353515625,0.8530324697494507
172,2.866050179211469,840.5087585449219,469.47764587402344,0.8210861682891846
173,2.882713261648745,839.3695678710938,461.54632568359375,0.8613372445106506
174,2.899376344086021,835.580322265625,453.58375549316406,0.8449684977531433
175,2.916039426523297,833.3826599121094,445.7388916015625,0.88759845495224
176,2.932702508960573,831.5842590332031,439.116943359375,0.8698578476905823
177,2.949365591397849,829.89990234375,433.4355773925781,0.8570631146430969
178,2.966028673835125,828.580078125,427.52687072753906,0.8914539813995361
179,2.982691756272401,827.1279296875,421.51739501953125,0.8614471554756165
180,2.999354838709677,825.5957336425781,416.2353973388672,0.838760495185852
181,3.016017921146953,824.1374206542969,408.7289276123047,0.8206300735473633
182,3.032681003584229,823.5459899902344,405.2569885253906,0.7541114091873169
186,3.099333333333333,811.4457092285156,383.9208221435547,0.5479041934013367
187,3.115996415770609,811.9456787109375,381.5630187988281,0.8016691207885742
188,3.132659498207885,810.3783569335938,380.2594299316406,0.7684605717658997
189,3.149322580645161,808.6622009277344,378.32911682128906,0.6649165153503418
193,3.215974910394265,799.9195556640625,367.9189758300781,0.7475183606147766
194,3.232637992831541,797.8568420410156,366.6319274902344,0.8273212313652039
195,3.249301075268817,796.7058410644531,364.74098205566406,0.817351758480072
196,3.265964157706093,796.24365234375,364.33311462402344,0.7484481930732727
197,3.282627240143369,794.5820922851562,364.72869873046875,0.477744996547699
198,3.299290322580645,791.3682861328125,361.80894470214844,0.8431999683380127
202,3.365942652329749,781.1919860839844,363.4555206298828,0.7708180546760559
203,3.382605734767025,780.3860473632812,363.3482971191406,0.8116993308067322
204,3.399268817204301,779.9976196289062,364.3769989013672,0.8189378380775452
205,3.415931899641577,779.1033935546875,366.31431579589844,0.5029651522636414
210,3.499247311827957,767.2256164550781,375.5232696533203,0.6906142830848694
211,3.5159103942652328,765.4717407226562,376.1793212890625,0.6338372826576233
216,3.5992258064516127,759.3760070800781,396.2055969238281,0.3897359073162079
217,3.6158888888888887,757.8984680175781,397.60491943359375,0.6679667234420776
218,3.6325519713261647,754.5648498535156,400.3585205078125,0.6476243138313293
219,3.6492150537634407,752.4992370605469,404.8451843261719,0.8178172707557678
220,3.6658781362007167,749.4901733398438,408.72349548339844,0.5599349737167358
221,3.6825412186379927,746.1116638183594,414.7722473144531,0.5392606854438782
222,3.6992043010752687,745.6480712890625,419.8926696777344,0.7010545134544373
223,3.7158673835125446,744.654541015625,422.6158447265625,0.830514132976532
224,3.7325304659498206,742.9584045410156,428.41796875,0.7730880975723267
225,3.7491935483870966,741.3397521972656,435.1206359863281,0.8384150862693787
226,3.7658566308243726,738.7937927246094,439.2384796142578,0.7828478813171387
227,3.7825197132616486,736.0435485839844,446.2913818359375,0.579322338104248
228,3.7991827956989246,733.7454223632812,452.1287841796875,0.8441826701164246
229,3.8158458781362006,731.3736267089844,455.8634796142578,0.42795124650001526
230,3.8325089605734766,730.278076171875,463.7899932861328,0.5549387335777283
231,3.8491720430107526,729.1328735351562,470.0929718017578,0.7923076748847961
234,3.8991612903225805,724.6606750488281,490.73883056640625,0.8121292591094971
235,3.9158243727598565,721.9938659667969,497.56126403808594,0.7275011539459229
236,3.9324874551971325,720.048095703125,504.78297424316406,0.4543456733226776
237,3.9491505376344085,718.9613647460938,512.5394592285156,0.821079671382904
238,3.9658136200716845,716.9676208496094,519.5871734619141,0.830556333065033
239,3.9824767025089605,715.7014465332031,514.6393585205078,0.8184713125228882
240,3.9991397849462365,714.5536193847656,507.3365936279297,0.7665784358978271
241,4.015802867383512,713.331787109375,500.73170471191406,0.8243136405944824
242,4.032465949820788,712.8922119140625,494.5752716064453,0.4822740852832794
243,4.049129032258064,712.1391296386719,490.4910888671875,0.8493193984031677
244,4.06579211469534,710.6431579589844,484.0807189941406,0.7665652632713318
245,4.082455197132616,708.5782470703125,479.1913757324219,0.6613700985908508
246,4.099118279569892,707.5091857910156,473.5882110595703,0.8244575262069702
247,4.115781362007168,707.5054016113281,468.536865234375,0.8189327120780945
250,4.165770609318996,704.4855651855469,456.438232421875,0.6124932169914246
251,4.182433691756272,702.8565368652344,451.5511474609375,0.40192973613739014
254,4.2324229390681,699.3388061523438,441.7790069580078,0.5186752080917358
257,4.282412186379928,694.2595825195312,434.0179443359375,0.3555087149143219
258,4.299075268817204,693.4462890625,431.9491882324219,0.6054036021232605
261,4.349064516129032,691.4224548339844,426.6310272216797,0.6880616545677185
262,4.365727598566308,690.0721740722656,424.1642303466797,0.3887922763824463
264,4.39905376344086,688.009765625,423.48504638671875,0.419371098279953
265,4.415716845878136,686.7497253417969,422.1584777832031,0.3209659457206726
